         303           1
          1   0.320729976400E+06   0.404988244580E+07   0.295551357406E-02  -0.131870805823E-02   0.264500842033E-02
          2   0.320803328550E+06   0.404991901660E+07   0.485430906475E-01  -0.216592365448E-01   0.434431711769E-01
          3   0.320876680700E+06   0.404995558740E+07   0.970861818235E-01  -0.433184733255E-01   0.868863428268E-01
          4   0.320710478000E+06   0.404991392690E+07   0.317762349412E-02  -0.977386798891E-03   0.302357505542E-02
          5   0.320783423936E+06   0.404995960929E+07   0.385093941385E+00   0.237312122776E+00   0.303282541659E+00
          6   0.320865883200E+06   0.404998912180E+07   0.662547327952E+00  -0.111868779335E+00   0.653034714228E+00
          7   0.320677160500E+06   0.404995073050E+07   0.478330482794E-02  -0.304389944964E-02   0.368980774803E-02
          8   0.320756954095E+06   0.405000133985E+07   0.615659318080E+00   0.406387810419E+00   0.462477397806E+00
          9   0.320847018400E+06   0.405003140490E+07   0.798556538402E+00   0.113734296534E-01   0.798475541342E+00
         10   0.320645734700E+06   0.404998679130E+07   0.113579518795E-01   0.403859197605E-02   0.106156886611E-01
         11   0.320734144707E+06   0.405004597409E+07   0.596621607108E+00   0.485699601282E+00  -0.346486997422E+00
         12   0.320836478000E+06   0.405007832480E+07   0.286342433964E-01  -0.137870035016E-01   0.250965820249E-01
         13   0.320629855700E+06   0.404999463650E+07   0.102001146308E-01  -0.880012628226E-02   0.515753001914E-02
         14   0.320715639709E+06   0.405006311954E+07   0.850189222412E+00  -0.420281210697E+00   0.739043583181E+00
         15   0.320824446100E+06   0.405009042600E+07   0.227982926984E+01  -0.112700723610E+01   0.198178611092E+01
         16   0.320609448300E+06   0.405000707770E+07   0.133284792290E-01  -0.112341740417E-01   0.717228639695E-02
         17   0.320701269358E+06   0.405008622891E+07   0.899138481439E-01  -0.894777994978E-01  -0.884440416746E-02
         18   0.320822844000E+06   0.405011641400E+07   0.290419330109E-01  -0.258546779105E-02   0.289266180068E-01
         19   0.320554247300E+06   0.405005861630E+07   0.115518957302E-02  -0.582862924732E-03   0.997363404479E-03
         20   0.320622053917E+06   0.405009824274E+07   0.585965330149E-01  -0.287453800467E-01   0.510613044030E-01
         21   0.320690457500E+06   0.405013675110E+07   0.117164328731E+00  -0.574766625941E-01   0.102097566984E+00
         22   0.320500723600E+06   0.405010580240E+07   0.899289564343E-02   0.641873823632E-02   0.629856900472E-02
         23   0.320589346499E+06   0.405013469738E+07   0.350696024388E+00   0.105218597343E+00   0.334539606466E+00
         24   0.320669878500E+06   0.405018269290E+07   0.486245790080E+00  -0.108243767983E+00   0.474044570756E+00
         25   0.320492416400E+06   0.405012692210E+07   0.424124437546E-02  -0.258636747158E-02   0.336137727045E-02
         26   0.320568815957E+06   0.405017809954E+07   0.894129232822E+00   0.910102683249E-01   0.889485365842E+00
         27   0.320646110800E+06   0.405022787550E+07   0.128217050963E+01  -0.591270249063E+00   0.113769974437E+01
         28   0.320456155100E+06   0.405015861680E+07   0.996085518555E-02   0.840281641991E-02  -0.534895431284E-02
         29   0.320536665468E+06   0.405021524711E+07   0.140535601022E+01  -0.251099330324E+00   0.138274171188E+01
         30   0.320617713600E+06   0.405027106760E+07   0.194950118175E+01  -0.100331172986E+01   0.167150244702E+01
         31   0.320406133300E+06   0.405018561720E+07   0.140819894602E-01  -0.100753618055E-01   0.983816607123E-02
         32   0.320495665080E+06   0.405024843585E+07   0.812140273797E-01  -0.199369342735E-01  -0.787288822161E-01
         33   0.320585542900E+06   0.405031072730E+07   0.304736352682E+01  -0.175459166106E+01   0.249155224057E+01
         34   0.320384605800E+06   0.405021060920E+07   0.150955869822E-01  -0.106062183525E-01   0.107417353624E-01
         35   0.320466280376E+06   0.405027541088E+07   0.394614897884E+01  -0.311249004492E+01   0.242579831880E+01
         36   0.320546760200E+06   0.405034162960E+07   0.389771737924E+01  -0.294126221485E+01   0.255757255066E+01
         37   0.320355630700E+06   0.405023570110E+07   0.132201100647E-01  -0.108686188492E-01   0.752624969247E-02
         38   0.320441655982E+06   0.405030209194E+07   0.455356910378E+01  -0.316934756776E+01   0.326959134719E+01
         39   0.320511251000E+06   0.405038074780E+07   0.451426481780E+01  -0.308795968872E+01   0.329288502776E+01
         40   0.320343579200E+06   0.405024314920E+07   0.142323063848E-01  -0.121358455494E-01   0.743503852254E-02
         41   0.320397058044E+06   0.405033653324E+07   0.320089422773E-01  -0.231199436275E-01   0.221368604904E-01
         42   0.320469949200E+06   0.405041189850E+07   0.550722095336E-01  -0.445205528025E-01   0.324171041440E-01
         43   0.320336623200E+06   0.405024806360E+07   0.104877695121E-01  -0.929774779408E-02   0.485233915718E-02
         44   0.320399406567E+06   0.405036836515E+07   0.104124785063E-01  -0.858764316422E-02   0.588830141285E-02
         45   0.320488745800E+06   0.405047006360E+07   0.104877695121E-01  -0.787927869304E-02   0.692172497403E-02
         46   0.320320601500E+06   0.405025450140E+07   0.111849503262E+00  -0.102303857142E+00   0.452131860600E-01
         47   0.320386421363E+06   0.405037497433E+07   0.403195431966E+00  -0.338927639786E+00  -0.218390959857E+00
         48   0.320465825600E+06   0.405048676380E+07   0.187802948671E+00  -0.141435441101E+00  -0.123555507892E+00
         49   0.320301816500E+06   0.405027133920E+07   0.345101760118E+00  -0.322528977036E+00   0.122761084259E+00
         50   0.320361941856E+06   0.405039582640E+07   0.448748246941E+00  -0.442695738599E+00  -0.734538777663E-01
         51   0.320408096900E+06   0.405052686850E+07   0.472828909814E-02  -0.453937858021E-02   0.132316283999E-02
         52   0.320248382800E+06   0.405028995280E+07   0.592843311062E+00  -0.562294004988E+00   0.187852717375E+00
         53   0.320309969881E+06   0.405041172959E+07   0.508046512444E+00  -0.490659648036E+00   0.131773929880E+00
         54   0.320360578700E+06   0.405054004800E+07   0.775197005668E-02  -0.749052745535E-02   0.199625604579E-02
         55   0.320210889700E+06   0.405030879560E+07   0.371804265100E+00  -0.324923236548E+00   0.180729914231E+00
         56   0.320263712235E+06   0.405043078676E+07   0.484402273805E+01  -0.307741528222E+01   0.374086506941E+01
         57   0.320310819000E+06   0.405055738710E+07   0.876202230776E-02  -0.843556668490E-02   0.236944078347E-02
         58   0.320166899300E+06   0.405032653080E+07   0.200151884140E+01   0.176942840250E+01  -0.935521673121E+00
         59   0.320217749059E+06   0.405044581463E+07   0.484402273805E+01  -0.307741528222E+01   0.374086506941E+01
         60   0.320264036700E+06   0.405056817730E+07   0.484402273805E+01  -0.307741528222E+01   0.374086506941E+01
         61   0.320127556100E+06   0.405034033200E+07   0.376323096670E+01   0.336002891351E+01  -0.169473095479E+01
         62   0.320170982601E+06   0.405046557645E+07   0.492714905892E+01  -0.378346873679E+01   0.315628930336E+01
         63   0.320214409100E+06   0.405059082090E+07   0.155631944558E-01  -0.153228260985E-01   0.272470586015E-02
         64   0.320095716600E+06   0.405035249190E+07   0.492803753613E+01   0.375000000000E+01  -0.319735108449E+01
         65   0.320129983111E+06   0.405047032772E+07   0.492714905892E+01  -0.378346873679E+01   0.315628930336E+01
         66   0.320158680500E+06   0.405059155700E+07   0.173809308254E-01  -0.173647061781E-01   0.750823352105E-03
         67   0.320053069300E+06   0.405035961910E+07   0.394624020908E+01   0.320029766123E+01  -0.230887562836E+01
         68   0.320074657843E+06   0.405047825779E+07   0.149203402169E+01  -0.111110105234E+01   0.995801171604E+00
         69   0.320108396400E+06   0.405059334300E+07   0.736330572241E+00  -0.695809932657E+00   0.240896760526E+00
         70   0.320012478000E+06   0.405037131820E+07   0.924568985631E-01  -0.885809209294E-01   0.264895930358E-01
         71   0.320044455432E+06   0.405048658962E+07   0.964772775496E+00  -0.918237973313E+00   0.296016102105E+00
         72   0.320079522800E+06   0.405059966580E+07   0.652769038742E+00  -0.627090502625E+00   0.181286843033E+00
         73   0.319953586000E+06   0.405038390100E+07   0.154405592427E-01  -0.150253145194E-01   0.355679537248E-02
         74   0.319983035653E+06   0.405050830802E+07   0.153946989721E-01  -0.146509406742E-01   0.472722897717E-02
         75   0.320028187600E+06   0.405061918850E+07   0.248269082666E-01  -0.229935736497E-01   0.936327639738E-02
         76   0.319899207600E+06   0.405039682700E+07   0.309614148753E-01  -0.303166144914E-01   0.628586484598E-02
         77   0.319938337327E+06   0.405054499522E+07   0.283223013200E-01  -0.276078907537E-01  -0.632116446533E-02
         78   0.320028784800E+06   0.405063876740E+07   0.744249667100E-02  -0.263339106575E-02  -0.696103499435E-02
         79   0.319851771500E+06   0.405040934460E+07   0.479039161874E-01  -0.476515977418E-01   0.491023611844E-02
         80   0.319898278215E+06   0.405058544640E+07   0.350331445118E-01  -0.324021127319E-01  -0.133200715049E-01
         81   0.320032546800E+06   0.405066281490E+07   0.984842607302E-02  -0.303526767961E-02  -0.936902589541E-02
         82   0.319787279700E+06   0.405042520060E+07   0.573077562822E-01  -0.501910933444E-01   0.276592313521E-01
         83   0.319832533472E+06   0.405054969821E+07   0.545810076739E-01  -0.545545652939E-01   0.169876552274E-02
         84   0.319856990800E+06   0.405068366860E+07   0.119502049224E-01  -0.119148792924E-01   0.918177071294E-03
         85   0.319762478000E+06   0.405044565100E+07   0.641251880703E-01  -0.522956669235E-01   0.371106853355E-01
         86   0.319794135719E+06   0.405056120143E+07   0.587628688280E-01  -0.585219508927E-01   0.531563887149E-02
         87   0.319817254900E+06   0.405068784170E+07   0.141370142711E-01  -0.140621267074E-01   0.145319130504E-02
         88   0.319740566300E+06   0.405046608770E+07   0.751499728145E-01  -0.749582088503E-01   0.536519710480E-02
         89   0.319747446264E+06   0.405058147258E+07   0.534977793851E-01  -0.532796847462E-01  -0.482572196416E-02
         90   0.319767653200E+06   0.405069796070E+07   0.132498052905E-01  -0.132498035956E-01  -0.670186204116E-05
         91   0.319722943900E+06   0.405046318340E+07   0.980536151676E-01  -0.927052094266E-01  -0.319414400521E-01
         92   0.319711407462E+06   0.405057861250E+07   0.580184976230E-01  -0.565780280917E-01  -0.128480661457E-01
         93   0.319693937500E+06   0.405069021940E+07   0.138073600253E-01  -0.136432115582E-01  -0.212272684202E-02
         94   0.319709207000E+06   0.405045630790E+07   0.111535367158E+00  -0.102226529471E+00  -0.446080127273E-01
         95   0.319681024370E+06   0.405057089670E+07   0.677734454448E-01  -0.633024491224E-01  -0.242082598005E-01
         96   0.319642566400E+06   0.405068400170E+07   0.222923757901E-01  -0.211475595339E-01  -0.705200284520E-02
         97   0.319676316200E+06   0.405044559270E+07   0.128575919862E+00  -0.119913652544E+00  -0.463948607273E-01
         98   0.319636544429E+06   0.405055679703E+07   0.897056196001E-01  -0.823821775784E-01  -0.355003521853E-01
         99   0.319589753300E+06   0.405066615350E+07   0.386950663255E-01  -0.365704376209E-01  -0.126456020082E-01
        100   0.319631338900E+06   0.405042506500E+07   0.134361339498E+00  -0.124657495523E+00  -0.501346024389E-01
        101   0.319591922293E+06   0.405053925721E+07   0.906957092763E-01  -0.834969739035E-01  -0.354113968956E-01
        102   0.319544040800E+06   0.405065116190E+07   0.456057732128E-01  -0.433327659158E-01  -0.142182259239E-01
        103   0.319585983000E+06   0.405040951220E+07   0.145791954399E+00  -0.139624762520E+00  -0.419549718017E-01
        104   0.319540491155E+06   0.405052207796E+07   0.101442697074E+00  -0.949669209319E-01  -0.356637731920E-01
        105   0.319494852400E+06   0.405063500740E+07   0.419192837420E-01  -0.401161742464E-01  -0.121621919602E-01
        106   0.319536069400E+06   0.405039779580E+07   0.151329080433E+00  -0.143027267255E+00  -0.494337071893E-01
        107   0.319491497549E+06   0.405050808519E+07   0.106540525421E+00  -0.100657276004E+00  -0.349141281506E-01
        108   0.319445977200E+06   0.405062072170E+07   0.364975214789E-01  -0.351128664490E-01  -0.995769470491E-02
        109   0.319499139600E+06   0.405038173390E+07   0.153754490025E+00  -0.141194928610E+00  -0.608640726331E-01
        110   0.319446489184E+06   0.405049318317E+07   0.113471660478E+00  -0.107157552361E+00  -0.373239427667E-01
        111   0.319393838700E+06   0.405060463240E+07   0.382066101217E-01  -0.370823147295E-01  -0.920037995364E-02
        112   0.319453812200E+06   0.405036155390E+07   0.131434238347E+00  -0.122894062615E+00  -0.466048107365E-01
        113   0.319398437885E+06   0.405047876907E+07   0.841884882846E-01  -0.810582980553E-01  -0.227432160441E-01
        114   0.319343063500E+06   0.405059598420E+07   0.377666912701E-01  -0.360627780904E-01  -0.112160155976E-01
        115   0.319408478000E+06   0.405034505180E+07   0.109422289648E+00  -0.102741631800E+00  -0.376483009847E-01
        116   0.319354419865E+06   0.405046067973E+07   0.695186245467E-01  -0.661065957035E-01  -0.215117912634E-01
        117   0.319299898200E+06   0.405057608990E+07   0.371530169340E-01  -0.343233357275E-01  -0.142216487031E-01
        118   0.319361956500E+06   0.405032716480E+07   0.104766838007E+00  -0.980219085903E-01  -0.369837232076E-01
        119   0.319308089449E+06   0.405043942736E+07   0.680960783394E-01  -0.603208084100E-01  -0.315986701930E-01
        120   0.319222848400E+06   0.405054555770E+07   0.372585946681E-01  -0.289834088695E-01  -0.234129213672E-01
        121   0.319324264600E+06   0.405031280930E+07   0.123953908929E+00  -0.113126973985E+00  -0.506641815859E-01
        122   0.319263900087E+06   0.405041827485E+07   0.911973288192E-01  -0.811233071752E-01  -0.416648750954E-01
        123   0.319203634200E+06   0.405052356840E+07   0.425265488310E-01  -0.353245850574E-01  -0.236787044830E-01
        124   0.319279831500E+06   0.405028994560E+07   0.141295264173E+00  -0.128401448934E+00  -0.589696497305E-01
        125   0.319217619043E+06   0.405039863995E+07   0.106549707805E+00  -0.989949331615E-01  -0.394061345703E-01
        126   0.319155406600E+06   0.405050733430E+07   0.531502415348E-01  -0.505742207347E-01  -0.163461424283E-01
        127   0.319232772500E+06   0.405026815370E+07   0.144835577983E+00  -0.134501820212E+00  -0.537271347564E-01
        128   0.319168636779E+06   0.405038020824E+07   0.101178779077E+00  -0.947628114191E-01  -0.354563803480E-01
        129   0.319110478000E+06   0.405049470360E+07   0.528267582664E-01  -0.522467338014E-01  -0.780674042231E-02
        130   0.319172301700E+06   0.405024648910E+07   0.146553391468E+00  -0.136414037071E+00  -0.535640461580E-01
        131   0.319116867414E+06   0.405037345417E+07   0.968094434936E-01  -0.899433041553E-01  -0.358088032077E-01
        132   0.319062921400E+06   0.405049701060E+07   0.479977691262E-01  -0.479058339738E-01  -0.296932860496E-02
        133   0.319115444200E+06   0.405022086000E+07   0.135585346982E+00  -0.123066855076E+00  -0.569028601900E-01
        134   0.319054748397E+06   0.405038750845E+07   0.105662990840E+00  -0.100311425737E+00  -0.332006852310E-01
        135   0.318923877800E+06   0.405048326260E+07   0.253995798462E-01  -0.154559871885E-01  -0.201556720651E-01
        136   0.319068840000E+06   0.405019204800E+07   0.102267468584E+00  -0.100877258862E+00  -0.168051710838E-01
        137   0.319022603235E+06   0.405035061809E+07   0.117971919781E+00  -0.116753053415E+00  -0.169144427977E-01
        138   0.318915319100E+06   0.405045520690E+07   0.359624515090E-01  -0.229691772669E-01  -0.276715524360E-01
        139   0.319031418100E+06   0.405019663620E+07   0.104284380571E+00  -0.103902127428E+00  -0.892075932629E-02
        140   0.318975387293E+06   0.405032496762E+07   0.131482756163E+00  -0.131217367610E+00   0.834970692874E-02
        141   0.318882655500E+06   0.405041222550E+07   0.964979300764E-01  -0.941785183469E-01  -0.210299118165E-01
        142   0.318994451000E+06   0.405018077480E+07   0.105922006803E+00  -0.104935518055E+00  -0.144225024080E-01
        143   0.318927089880E+06   0.405030342711E+07   0.137471376019E+00  -0.137416954742E+00   0.386778668151E-02
        144   0.318823092300E+06   0.405037316470E+07   0.131124479703E+00  -0.116615678204E+00  -0.599534217076E-01
        145   0.318951185000E+06   0.405015915630E+07   0.923815195258E-01  -0.790220025010E-01  -0.478525680673E-01
        146   0.318888810696E+06   0.405027272854E+07   0.145620370218E+00  -0.137865931742E+00  -0.468857876914E-01
        147   0.318795118900E+06   0.405035540710E+07   0.166255250489E+00  -0.145458734930E+00  -0.805143760314E-01
        148   0.318918374400E+06   0.405013808730E+07   0.800754720736E-01  -0.532102604686E-01  -0.598393633713E-01
        149   0.318845302051E+06   0.405025062047E+07   0.151155012668E+00  -0.113911988585E+00  -0.993574190044E-01
        150   0.318741843000E+06   0.405032952720E+07   0.187572422277E+00  -0.160005156216E+00  -0.978864831485E-01
        151   0.318927772600E+06   0.405006080620E+07   0.558779485352E-01  -0.367083236860E-01  -0.421288986880E-01
        152   0.318817402406E+06   0.405020223339E+07   0.141961074030E+00  -0.790254134796E-01  -0.117931889513E+00
        153   0.318673013000E+06   0.405027530720E+07   0.209709814236E+00  -0.113409795804E+00  -0.176398481860E+00
        154   0.318923506200E+06   0.405005658100E+07   0.587782212493E-01  -0.411736538919E-01  -0.419476997989E-01
        155   0.318796705562E+06   0.405015870211E+07   0.185466448488E+00  -0.858911111217E-01  -0.164379197422E+00
        156   0.318651239800E+06   0.405022328620E+07   0.296045921720E+00  -0.104705083384E+00  -0.276911598314E+00
        157   0.318892478000E+06   0.405002787450E+07   0.792532584725E-01  -0.422431745328E-01  -0.670566416092E-01
        158   0.318774223271E+06   0.405011854018E+07   0.244888275907E+00  -0.911438053606E-01  -0.227295126259E+00
        159   0.318637273700E+06   0.405017925230E+07   0.339611627197E+00  -0.755343408968E-01  -0.331105150478E+00
        160   0.318880143200E+06   0.405000328190E+07   0.873582750081E-01  -0.352029815681E-01  -0.799513495891E-01
        161   0.318759351035E+06   0.405007560210E+07   0.265174143165E+00  -0.766263121115E-01  -0.253861644396E+00
        162   0.318632190900E+06   0.405013826870E+07   0.341593092424E+00  -0.683557274870E-01  -0.334683933453E+00
        163   0.318859694200E+06   0.404995758830E+07   0.890306606385E-01  -0.315812448182E-01  -0.832411167000E-01
        164   0.318744833535E+06   0.405002857146E+07   0.216941439100E+00  -0.162273645982E-01  -0.216333678924E+00
        165   0.318620913500E+06   0.405008964140E+07   0.323606807261E+00  -0.607508164526E-01  -0.317853274335E+00
        166   0.318847642400E+06   0.404992283520E+07   0.923742395813E-01  -0.337398493736E-01  -0.859919920834E-01
        167   0.318732357134E+06   0.404997946598E+07   0.221659860103E+00   0.138884295849E-01  -0.221224332081E+00
        168   0.318612120400E+06   0.405003062330E+07   0.234530318015E+00  -0.310424889083E-01  -0.232466844842E+00
        169   0.318830625900E+06   0.404988778900E+07   0.145432893627E+00   0.544017979097E-02  -0.145331108138E+00
        170   0.318718426047E+06   0.404994014598E+07   0.226703269757E+00   0.353356788788E-01  -0.223932495000E+00
        171   0.318596872600E+06   0.404997678870E+07   0.163387936469E+00  -0.287222497384E-01  -0.160843558011E+00
        172   0.318839856500E+06   0.404984266950E+07   0.209032015882E+00   0.130354857053E-01  -0.208625165731E+00
        173   0.318719807084E+06   0.404990238276E+07   0.252768989105E+00   0.446921856975E-01  -0.248786596084E+00
        174   0.318584957100E+06   0.404992062480E+07   0.180740865496E+00   0.154906047757E-02  -0.180734227174E+00
        175   0.318833906000E+06   0.404979530030E+07   0.232308613628E+00  -0.344538234309E-01  -0.229739474224E+00
        176   0.318713092435E+06   0.404985693749E+07   0.270466897085E+00   0.477964945893E-01  -0.266210137906E+00
        177   0.318576894300E+06   0.404987158970E+07   0.209309600896E+00   0.152997765628E-01  -0.208749672729E+00
        178   0.318818103800E+06   0.404974755740E+07   0.215059667989E+00   0.514480196779E-01  -0.208815138500E+00
        179   0.318696441344E+06   0.404981334513E+07   0.281738220353E+00   0.216859763431E-01  -0.280902373143E+00
        180   0.318557679400E+06   0.404981404800E+07   0.177428960542E+00  -0.584609059391E-01  -0.167521218106E+00
        181   0.318839213600E+06   0.404972742530E+07   0.202089804900E+00   0.634147159168E-01  -0.191882419856E+00
        182   0.318698845138E+06   0.404976313385E+07   0.232706986984E+00  -0.337541763924E-01  -0.230245949731E+00
        183   0.318537310000E+06   0.404976668260E+07   0.121312135818E+00  -0.498238038383E-01  -0.110608421324E+00
        184   0.318840007300E+06   0.404969858560E+07   0.206572146407E+00   0.668969217015E-02  -0.206463797529E+00
        185   0.318675017720E+06   0.404971377815E+07   0.159112869705E+00  -0.529295924647E-01  -0.150051203086E+00
        186   0.318521498900E+06   0.404973646830E+07   0.893645173485E-01  -0.447381086434E-01  -0.773596703454E-01
        187   0.318864521700E+06   0.404960400430E+07   0.107325132558E+00  -0.461152585343E-01  -0.969126772353E-01
        188   0.318689964151E+06   0.404966251658E+07   0.151949810902E+00  -0.563028986596E-01  -0.141133726075E+00
        189   0.318485490400E+06   0.404968903560E+07   0.897441326216E-01  -0.164832890734E-01  -0.882174048662E-01
        190   0.318833200000E+06   0.404957917340E+07   0.980324327411E-01  -0.544935219153E-01  -0.814911893299E-01
        191   0.318662550051E+06   0.404960960162E+07   0.132994149551E+00  -0.684134858421E-01  -0.114048405380E+00
        192   0.318492478000E+06   0.404963779100E+07   0.117954972092E+00  -0.354899873051E-01  -0.112489271677E+00
        193   0.318828478000E+06   0.404951539330E+07   0.868223248221E-01  -0.397462215939E-01  -0.771903747661E-01
        194   0.318649725486E+06   0.404956031966E+07   0.132590265082E+00  -0.822872803923E-01  -0.103966253563E+00
        195   0.318471831100E+06   0.404959404800E+07   0.146311261743E+00  -0.544335579226E-01  -0.135808589878E+00
        196   0.318782478000E+06   0.404945939490E+07   0.786048190010E-01  -0.694030248111E-01  -0.369044403458E-01
        197   0.318623189691E+06   0.404951254352E+07   0.139621124584E+00  -0.107166510571E+00  -0.894952369797E-01
        198   0.318461447900E+06   0.404956204800E+07   0.181269336667E+00  -0.125070199877E+00  -0.131209822493E+00
        199   0.318746940400E+06   0.404944958560E+07   0.814221032246E-01  -0.698806623705E-01  -0.417881791919E-01
        200   0.318579678301E+06   0.404947247267E+07   0.188672936640E+00  -0.166486609432E+00  -0.887675948761E-01
        201   0.318431343500E+06   0.404954404800E+07   0.150159169017E+00  -0.119972771770E+00  -0.903012185613E-01
        202   0.318720345300E+06   0.404941418070E+07   0.921454968513E-01  -0.616901286748E-01  -0.684479409044E-01
        203   0.318580261632E+06   0.404942487325E+07   0.217344217677E+00  -0.210890998412E+00  -0.525689618157E-01
        204   0.318456478000E+06   0.404950086480E+07   0.311691629935E+00  -0.301909072026E+00   0.774763473582E-01
        205   0.318620866600E+06   0.404932926630E+07   0.115489382182E+00  -0.972883087705E-01  -0.622316830357E-01
        206   0.318531177705E+06   0.404941807585E+07   0.294742507416E+00  -0.291815463535E+00  -0.414352617947E-01
        207   0.318441488900E+06   0.404950688550E+07   0.489350098308E+00  -0.484769676670E+00   0.667973000596E-01
        208   0.318560055500E+06   0.404929282380E+07   0.145259822841E+00  -0.134199608355E+00  -0.555956945197E-01
        209   0.318507678850E+06   0.404940664989E+07   0.314860032361E+00  -0.313855126167E+00  -0.251356272449E-01
        210   0.318435459600E+06   0.404950736610E+07   0.530888231214E+00  -0.529231921616E+00   0.419033075479E-01
        211   0.318501279100E+06   0.404927130950E+07   0.160279139458E+00  -0.154572535440E+00  -0.423878972443E-01
        212   0.318475410937E+06   0.404939917541E+07   0.399765796981E+00  -0.397629000509E+00   0.412779649452E-01
        213   0.318411403300E+06   0.404951004800E+07   0.608664452472E+00  -0.595955461854E+00  -0.123731577172E+00
        214   0.318452480300E+06   0.404926128610E+07   0.152536731280E+00  -0.149401065046E+00  -0.307697278609E-01
        215   0.318428315705E+06   0.404938073156E+07   0.544191204773E+00  -0.439700456428E+00   0.320636205020E+00
        216   0.318384478000E+06   0.404949277320E+07   0.836441014984E+00  -0.773921170623E+00  -0.317300477795E+00
        217   0.318396907400E+06   0.404925216450E+07   0.132447803564E+00  -0.131275915461E+00  -0.175799513298E-01
        218   0.318386926228E+06   0.404936819080E+07   0.962257199170E+00  -0.511064698043E+00   0.815323121081E+00
        219   0.318355124900E+06   0.404948004800E+07   0.103213991814E+01  -0.102734329032E+01   0.993910179538E-01
        220   0.318348960600E+06   0.404924786550E+07   0.407028568075E+00  -0.385312559483E+00   0.131173498596E+00
        221   0.318336262555E+06   0.404939547862E+07   0.122891939375E+01  -0.384883617902E+00   0.116709360250E+01
        222   0.318286577500E+06   0.404952938670E+07   0.146045284667E+01  -0.985213955745E+00   0.107808904026E+01
        223   0.318300001900E+06   0.404924065460E+07   0.146750751800E+00  -0.145197612496E+00  -0.212940479797E-01
        224   0.318279196573E+06   0.404940758281E+07   0.561353557337E+00  -0.547231389586E+00   0.125122430390E+00
        225   0.318217801100E+06   0.404955506450E+07   0.371337704618E+00  -0.371089749207E+00   0.135679366378E-01
        226   0.318251136000E+06   0.404923266270E+07   0.160377216738E+00  -0.158572040204E+00  -0.239949935230E-01
        227   0.318230988928E+06   0.404939430932E+07   0.623959562757E+00  -0.434217453489E+00  -0.448085638066E+00
        228   0.318183206800E+06   0.404954676320E+07   0.170387265742E+01  -0.156685205814E+01  -0.669445039277E+00
        229   0.318201152800E+06   0.404922349400E+07   0.161181462137E+00  -0.158933145916E+00  -0.268275765975E-01
        230   0.318181504691E+06   0.404938113723E+07   0.416873627078E+00  -0.416410766667E+00  -0.196391027512E-01
        231   0.318137161800E+06   0.404952936420E+07   0.150269318010E+01  -0.136085270598E+01  -0.637312094761E+00
        232   0.318152397200E+06   0.404921478140E+07   0.158567205396E+00  -0.157179010448E+00  -0.209360287948E-01
        233   0.318133453773E+06   0.404936677065E+07   0.663456353201E+00  -0.598032175031E+00  -0.287283571111E+00
        234   0.318086411700E+06   0.404950598170E+07   0.132056932224E+01  -0.130547189429E+01  -0.199114208564E+00
        235   0.318102444600E+06   0.404921127800E+07   0.151033724171E+00  -0.150316067009E+00  -0.147059795944E-01
        236   0.318083117721E+06   0.404936634446E+07   0.869914255113E+00  -0.860380147319E+00  -0.128439921166E+00
        237   0.318042005500E+06   0.404951604800E+07   0.125395641630E+01  -0.125395533212E+01  -0.164894458256E-02
        238   0.318051225100E+06   0.404920631750E+07   0.147903121341E+00  -0.146588204462E+00  -0.196782015171E-01
        239   0.318034596336E+06   0.404935914616E+07   0.957557652079E+00  -0.955681957272E+00  -0.599053720422E-01
        240   0.318000219200E+06   0.404950830680E+07   0.130952295643E+01  -0.129558313946E+01  -0.190564168062E+00
        241   0.318002045200E+06   0.404919780740E+07   0.148161742510E+00  -0.145578805241E+00  -0.275447528282E-01
        242   0.317985335730E+06   0.404935137762E+07   0.105323431320E+01  -0.105206585426E+01  -0.495979515466E-01
        243   0.317949777700E+06   0.404950110040E+07   0.139736952451E+01  -0.139156017632E+01  -0.127286541811E+00
        244   0.317953080800E+06   0.404918731500E+07   0.146155778832E+00  -0.143292710348E+00  -0.287873383125E-01
        245   0.317935847283E+06   0.404934570142E+07   0.106414051205E+01  -0.106315436775E+01  -0.458019619449E-01
        246   0.317897948700E+06   0.404949804800E+07   0.138498634753E+01  -0.137425777527E+01  -0.172054497054E+00
        247   0.317903738400E+06   0.404917806320E+07   0.144391896053E+00  -0.141559142507E+00  -0.284610052275E-01
        248   0.317886671101E+06   0.404933492152E+07   0.117757797881E+01  -0.116027088621E+01  -0.201150110066E+00
        249   0.317842275600E+06   0.404948204800E+07   0.145901464228E+01  -0.136729453393E+01  -0.509145739329E+00
        250   0.317854557000E+06   0.404916794950E+07   0.159245168619E+00  -0.153802555621E+00  -0.412770833882E-01
        251   0.317838725485E+06   0.404931855088E+07   0.135400231409E+01  -0.132823439720E+01  -0.262898559652E+00
        252   0.317807956400E+06   0.404946604800E+07   0.146526269366E+01  -0.140298075278E+01  -0.422657980812E+00
        253   0.317812121600E+06   0.404915440440E+07   0.206996510642E+00  -0.191854147655E+00  -0.777144867163E-01
        254   0.317786666021E+06   0.404932864153E+07   0.148156676931E+01  -0.138657104074E+01  -0.521977816488E+00
        255   0.317706153100E+06   0.404947004800E+07   0.114751719858E+01  -0.106063364460E+01  -0.438009124325E+00
        256   0.317772478000E+06   0.404913488110E+07   0.219193149507E+00  -0.195840061551E+00  -0.984495154000E-01
        257   0.317739483058E+06   0.404930214497E+07   0.176957636520E+01  -0.142812255761E+01  -0.104492414687E+01
        258   0.317659550000E+06   0.404944404800E+07   0.946996824030E+00  -0.780107762849E+00  -0.536875090748E+00
        259   0.317738971900E+06   0.404911755410E+07   0.200146679584E+00  -0.181272889665E+00  -0.848459357957E-01
        260   0.317684516971E+06   0.404928567346E+07   0.246639293071E+01  -0.172567835965E+01  -0.176213742020E+01
        261   0.317604478000E+06   0.404944059940E+07   0.116272394564E+01  -0.842050622099E+00  -0.801796559972E+00
        262   0.317698201600E+06   0.404910232440E+07   0.268740439658E+01   0.257244302751E+01   0.777611253099E+00
        263   0.317638443822E+06   0.404926343200E+07   0.311759633679E+01  -0.222140984415E+01  -0.218740604906E+01
        264   0.317548939700E+06   0.404940004800E+07   0.303286539232E+00  -0.160964523723E+00  -0.257046974271E+00
        265   0.317667772300E+06   0.404908534230E+07   0.533788362205E+01  -0.375000000000E+01  -0.379875000000E+01
        266   0.317591709135E+06   0.404923182303E+07   0.533788362205E+01  -0.375000000000E+01  -0.379875000000E+01
        267   0.317491929700E+06   0.404934204800E+07   0.174764240306E+01  -0.938684908024E+00  -0.147415216732E+01
        268   0.317634821300E+06   0.404905170470E+07   0.497722912390E+01  -0.343827792134E+01  -0.359875738102E+01
        269   0.317556266565E+06   0.404918506487E+07   0.487203912107E+01  -0.337801583954E+01   0.351080819542E+01
        270   0.317460146600E+06   0.404930037940E+07   0.487203912107E+01  -0.337801583954E+01   0.351080819542E+01
        271   0.317609338300E+06   0.404902718770E+07   0.544145117719E+01  -0.395461156523E+01  -0.373770494848E+01
        272   0.317520544290E+06   0.404915405473E+07   0.417097934630E+01  -0.267255937435E+01  -0.320226405811E+01
        273   0.317438629100E+06   0.404928738990E+07   0.392630196615E+01  -0.251740786639E+01  -0.301305571864E+01
        274   0.317588478000E+06   0.404899257280E+07   0.533788362205E+01  -0.375000000000E+01  -0.379875000000E+01
        275   0.317487111896E+06   0.404911110681E+07   0.533788362205E+01  -0.375000000000E+01  -0.379875000000E+01
        276   0.317418189500E+06   0.404925175950E+07   0.162093311347E+01   0.148162516799E+01   0.657427577702E+00
        277   0.317558811800E+06   0.404897120160E+07   0.533728089663E+01  -0.391418244862E+01  -0.362846291540E+01
        278   0.317456990777E+06   0.404908402672E+07   0.477987543321E+01  -0.356578581102E+01  -0.318314007026E+01
        279   0.317347828100E+06   0.404918869790E+07   0.190483932380E+00  -0.134429115042E+00  -0.134955331587E+00
        280   0.317521173300E+06   0.404893844830E+07   0.637888853408E+01  -0.468468274788E+01  -0.432943027221E+01
        281   0.317417742284E+06   0.404905305758E+07   0.445029011696E+01  -0.337298922551E+01  -0.290310623465E+01
        282   0.317300179800E+06   0.404914834620E+07   0.132892280010E+00  -0.103796037859E+00  -0.829863881062E-01
        283   0.317495510300E+06   0.404891528830E+07   0.694670647306E+01  -0.462678318583E+01  -0.518166075445E+01
        284   0.317371708130E+06   0.404905247033E+07   0.352850075654E+01  -0.302382184546E+01  -0.181846612170E+01
        285   0.317211122100E+06   0.404912604800E+07   0.357356889938E+01  -0.341443896815E+01   0.105451468050E+01
        286   0.317480834400E+06   0.404889538850E+07   0.622287238932E+01  -0.278702945364E+01  -0.556386624554E+01
        287   0.317327951069E+06   0.404900769700E+07   0.338009401658E+01  -0.337980100712E+01  -0.445052043416E-01
        288   0.317184171700E+06   0.404911174170E+07   0.314408052803E+01  -0.299884217728E+01   0.944557019224E+00
        289   0.317475826500E+06   0.404887632340E+07   0.511247927005E+01  -0.431467267622E+00  -0.509423991226E+01
        290   0.317306955829E+06   0.404896042158E+07   0.514300451491E+01  -0.355516528887E+01  -0.371635509730E+01
        291   0.317167883200E+06   0.404908664280E+07   0.514300451491E+01  -0.355516528887E+01  -0.371635509730E+01
        292   0.317476487900E+06   0.404886574000E+07   0.472388492494E+01   0.562211390452E+00  -0.469030991903E+01
        293   0.317315674374E+06   0.404891055813E+07   0.383546489948E+01   0.375758208824E+01  -0.769004450723E+00
        294   0.317168852100E+06   0.404898642210E+07   0.115845215579E+00   0.532986638436E-02  -0.115722541006E+00
        295   0.317482796900E+06   0.404884615640E+07   0.216444583364E+01   0.222932895823E-01  -0.216433102274E+01
        296   0.317329434290E+06   0.404886725843E+07   0.382900069314E+01   0.378097704503E+01  -0.604531961985E+00
        297   0.317177565800E+06   0.404889677530E+07   0.187479063571E+00   0.284121265830E-01  -0.185313653951E+00
        298   0.317485417600E+06   0.404882472950E+07   0.161036680311E+01  -0.105651136169E+01  -0.121534562294E+01
        299   0.317339865399E+06   0.404884143726E+07   0.108819864842E+01  -0.108675473849E+01  -0.560396000469E-01
        300   0.317193435000E+06   0.404882354420E+07   0.202165850279E+00   0.311784755503E-01  -0.199747174402E+00
        301   0.317481859000E+06   0.404880941010E+07   0.860254220000E+00  -0.163775488843E+00  -0.844520522120E+00
        302   0.317339217832E+06   0.404881282255E+07   0.688320968962E+00  -0.143224048369E-01  -0.688171944380E+00
        303   0.317202520500E+06   0.404876718230E+07   0.188359769308E+00   0.261816623854E-01  -0.186531292948E+00
