         303           1
          1   0.320729976400E+06   0.404988244580E+07  -0.473592554324E-01
          2   0.320803328550E+06   0.404991901660E+07  -0.474093363629E-01
          3   0.320876680700E+06   0.404995558740E+07  -0.473493644621E-01
          4   0.320710478000E+06   0.404991392690E+07  -0.474704787320E-01
          5   0.320783423936E+06   0.404995960929E+07  -0.475012423052E-01
          6   0.320865883200E+06   0.404998912180E+07  -0.474396647410E-01
          7   0.320677160500E+06   0.404995073050E+07  -0.478583475662E-01
          8   0.320756954095E+06   0.405000133985E+07  -0.478357448612E-01
          9   0.320847018400E+06   0.405003140490E+07  -0.477815060917E-01
         10   0.320645734700E+06   0.404998679130E+07  -0.484683606725E-01
         11   0.320734144707E+06   0.405004597409E+07  -0.483915285198E-01
         12   0.320836478000E+06   0.405007832480E+07  -0.483818594379E-01
         13   0.320629855700E+06   0.404999463650E+07  -0.487165847730E-01
         14   0.320715639709E+06   0.405006311954E+07  -0.487203485910E-01
         15   0.320824446100E+06   0.405009042600E+07  -0.486331417593E-01
         16   0.320609448300E+06   0.405000707770E+07  -0.491335265153E-01
         17   0.320701269358E+06   0.405008622891E+07  -0.491335265153E-01
         18   0.320822844000E+06   0.405011641400E+07  -0.491335265153E-01
         19   0.320554247300E+06   0.405005861630E+07  -0.449400125108E-01
         20   0.320622053917E+06   0.405009824274E+07  -0.447726739225E-01
         21   0.320690457500E+06   0.405013675110E+07  -0.447761458586E-01
         22   0.320500723600E+06   0.405010580240E+07  -0.452403935047E-01
         23   0.320589346499E+06   0.405013469738E+07  -0.449610841438E-01
         24   0.320669878500E+06   0.405018269290E+07  -0.448620594830E-01
         25   0.320492416400E+06   0.405012692210E+07  -0.454622220858E-01
         26   0.320568815957E+06   0.405017809954E+07  -0.452891690173E-01
         27   0.320646110800E+06   0.405022787550E+07  -0.452233358526E-01
         28   0.320456155100E+06   0.405015861680E+07  -0.463769851247E-01
         29   0.320536665468E+06   0.405021524711E+07  -0.458873257255E-01
         30   0.320617713600E+06   0.405027106760E+07  -0.457304798201E-01
         31   0.320406133300E+06   0.405018561720E+07  -0.476262578696E-01
         32   0.320495665080E+06   0.405024843585E+07  -0.469394322664E-01
         33   0.320585542900E+06   0.405031072730E+07  -0.464783489789E-01
         34   0.320384605800E+06   0.405021060920E+07  -0.486065082204E-01
         35   0.320466280376E+06   0.405027541088E+07  -0.478812686437E-01
         36   0.320546760200E+06   0.405034162960E+07  -0.475911773314E-01
         37   0.320355630700E+06   0.405023570110E+07  -0.499315976122E-01
         38   0.320441655982E+06   0.405030209194E+07  -0.488535409329E-01
         39   0.320511251000E+06   0.405038074780E+07  -0.489363432051E-01
         40   0.320343579200E+06   0.405024314920E+07  -0.505025344484E-01
         41   0.320397058044E+06   0.405033653324E+07  -0.505025344484E-01
         42   0.320469949200E+06   0.405041189850E+07  -0.505025344484E-01
         43   0.320336623200E+06   0.405024806360E+07  -0.457150926991E-01
         44   0.320399406567E+06   0.405036836515E+07  -0.453920013874E-01
         45   0.320488745800E+06   0.405047006360E+07  -0.447954146968E-01
         46   0.320320601500E+06   0.405025450140E+07  -0.457365080731E-01
         47   0.320386421363E+06   0.405037497433E+07  -0.454222388761E-01
         48   0.320465825600E+06   0.405048676380E+07  -0.448163325867E-01
         49   0.320301816500E+06   0.405027133920E+07  -0.458261624078E-01
         50   0.320361941856E+06   0.405039582640E+07  -0.455454049068E-01
         51   0.320408096900E+06   0.405052686850E+07  -0.451474324605E-01
         52   0.320248382800E+06   0.405028995280E+07  -0.465477910307E-01
         53   0.320309969881E+06   0.405041172959E+07  -0.461822614899E-01
         54   0.320360578700E+06   0.405054004800E+07  -0.457144820684E-01
         55   0.320210889700E+06   0.405030879560E+07  -0.473762624459E-01
         56   0.320263712235E+06   0.405043078676E+07  -0.471845194809E-01
         57   0.320310819000E+06   0.405055738710E+07  -0.468743952346E-01
         58   0.320166899300E+06   0.405032653080E+07  -0.487940234102E-01
         59   0.320217749059E+06   0.405044581463E+07  -0.485042668207E-01
         60   0.320264036700E+06   0.405056817730E+07  -0.479639645287E-01
         61   0.320127556100E+06   0.405034033200E+07  -0.505050195508E-01
         62   0.320170982601E+06   0.405046557645E+07  -0.503649206001E-01
         63   0.320214409100E+06   0.405059082090E+07  -0.496735732019E-01
         64   0.320095716600E+06   0.405035249190E+07  -0.520335411130E-01
         65   0.320129983111E+06   0.405047032772E+07  -0.521636577899E-01
         66   0.320158680500E+06   0.405059155700E+07  -0.523136502333E-01
         67   0.320053069300E+06   0.405035961910E+07  -0.540879291042E-01
         68   0.320074657843E+06   0.405047825779E+07  -0.548141917014E-01
         69   0.320108396400E+06   0.405059334300E+07  -0.548507441498E-01
         70   0.320012478000E+06   0.405037131820E+07  -0.564358225604E-01
         71   0.320044455432E+06   0.405048658962E+07  -0.564358225604E-01
         72   0.320079522800E+06   0.405059966580E+07  -0.564358225604E-01
         73   0.319953586000E+06   0.405038390100E+07  -0.324617207555E-03
         74   0.319983035653E+06   0.405050830802E+07  -0.322570493373E-03
         75   0.320028187600E+06   0.405061918850E+07  -0.319444835944E-03
         76   0.319899207600E+06   0.405039682700E+07  -0.326177778921E-03
         77   0.319938337327E+06   0.405054499522E+07  -0.323701298285E-03
         78   0.320028784800E+06   0.405063876740E+07  -0.318961444041E-03
         79   0.319851771500E+06   0.405040934460E+07  -0.330339629006E-03
         80   0.319898278215E+06   0.405058544640E+07  -0.326372614996E-03
         81   0.320032546800E+06   0.405066281490E+07  -0.318260616603E-03
         82   0.319787279700E+06   0.405042520060E+07  -0.341173301671E-03
         83   0.319832533472E+06   0.405054969821E+07  -0.334833232866E-03
         84   0.319856990800E+06   0.405068366860E+07  -0.329517149559E-03
         85   0.319762478000E+06   0.405044565100E+07  -0.347603607259E-03
         86   0.319794135719E+06   0.405056120143E+07  -0.342282667199E-03
         87   0.319817254900E+06   0.405068784170E+07  -0.336533211646E-03
         88   0.319740566300E+06   0.405046608770E+07  -0.355846972099E-03
         89   0.319747446264E+06   0.405058147258E+07  -0.351907005013E-03
         90   0.319767653200E+06   0.405069796070E+07  -0.344783736518E-03
         91   0.319722943900E+06   0.405046318340E+07  -0.363419500262E-03
         92   0.319711407462E+06   0.405057861250E+07  -0.360326020431E-03
         93   0.319693937500E+06   0.405069021940E+07  -0.357181070412E-03
         94   0.319709207000E+06   0.405045630790E+07  -0.370037575781E-03
         95   0.319681024370E+06   0.405057089670E+07  -0.369899271186E-03
         96   0.319642566400E+06   0.405068400170E+07  -0.366924335071E-03
         97   0.319676316200E+06   0.405044559270E+07  -0.386179212460E-03
         98   0.319636544429E+06   0.405055679703E+07  -0.387303419242E-03
         99   0.319589753300E+06   0.405066615350E+07  -0.388838963492E-03
        100   0.319631338900E+06   0.405042506500E+07  -0.409582317942E-03
        101   0.319591922293E+06   0.405053925721E+07  -0.411155277438E-03
        102   0.319544040800E+06   0.405065116190E+07  -0.416917876280E-03
        103   0.319585983000E+06   0.405040951220E+07  -0.434660344283E-03
        104   0.319540491155E+06   0.405052207796E+07  -0.440835241464E-03
        105   0.319494852400E+06   0.405063500740E+07  -0.450459833354E-03
        106   0.319536069400E+06   0.405039779580E+07  -0.464522768325E-03
        107   0.319491497549E+06   0.405050808519E+07  -0.469259744420E-03
        108   0.319445977200E+06   0.405062072170E+07  -0.477961156814E-03
        109   0.319499139600E+06   0.405038173390E+07  -0.490232852375E-03
        110   0.319446489184E+06   0.405049318317E+07  -0.497842510393E-03
        111   0.319393838700E+06   0.405060463240E+07  -0.508692579421E-03
        112   0.319453812200E+06   0.405036155390E+07  -0.522249593030E-03
        113   0.319398437885E+06   0.405047876907E+07  -0.530006476239E-03
        114   0.319343063500E+06   0.405059598420E+07  -0.539841878630E-03
        115   0.319408478000E+06   0.405034505180E+07  -0.554515813726E-03
        116   0.319354419865E+06   0.405046067973E+07  -0.560970715209E-03
        117   0.319299898200E+06   0.405057608990E+07  -0.568600947949E-03
        118   0.319361956500E+06   0.405032716480E+07  -0.588424715195E-03
        119   0.319308089449E+06   0.405043942736E+07  -0.595868966496E-03
        120   0.319222848400E+06   0.405054555770E+07  -0.622507280261E-03
        121   0.319324264600E+06   0.405031280930E+07  -0.619636572641E-03
        122   0.319263900087E+06   0.405041827485E+07  -0.634016030754E-03
        123   0.319203634200E+06   0.405052356840E+07  -0.643845186915E-03
        124   0.319279831500E+06   0.405028994560E+07  -0.662027808530E-03
        125   0.319217619043E+06   0.405039863995E+07  -0.678333344014E-03
        126   0.319155406600E+06   0.405050733430E+07  -0.695778488205E-03
        127   0.319232772500E+06   0.405026815370E+07  -0.709785109868E-03
        128   0.319168636779E+06   0.405038020824E+07  -0.726622611341E-03
        129   0.319110478000E+06   0.405049470360E+07  -0.747956259969E-03
        130   0.319172301700E+06   0.405024648910E+07  -0.774363442090E-03
        131   0.319116867414E+06   0.405037345417E+07  -0.776486619257E-03
        132   0.319062921400E+06   0.405049701060E+07  -0.795344548425E-03
        133   0.319115444200E+06   0.405022086000E+07  -0.846731363134E-03
        134   0.319054748397E+06   0.405038750845E+07  -0.833531878956E-03
        135   0.318923877800E+06   0.405048326260E+07  -0.908774293885E-03
        136   0.319068840000E+06   0.405019204800E+07  -0.913118206208E-03
        137   0.319022603235E+06   0.405035061809E+07  -0.883206864967E-03
        138   0.318915319100E+06   0.405045520690E+07  -0.924342579452E-03
        139   0.319031418100E+06   0.405019663620E+07  -0.958754082073E-03
        140   0.318975387293E+06   0.405032496762E+07  -0.948555697757E-03
        141   0.318882655500E+06   0.405041222550E+07  -0.983362281184E-03
        142   0.318994451000E+06   0.405018077480E+07  -0.103456929640E-02
        143   0.318927089880E+06   0.405030342711E+07  -0.102057990394E-02
        144   0.318823092300E+06   0.405037316470E+07  -0.107662844461E-02
        145   0.318951185000E+06   0.405015915630E+07  -0.114771651352E-02
        146   0.318888810696E+06   0.405027272854E+07  -0.109486409379E-02
        147   0.318795118900E+06   0.405035540710E+07  -0.112043980475E-02
        148   0.318918374400E+06   0.405013808730E+07  -0.126402695542E-02
        149   0.318845302051E+06   0.405025062047E+07  -0.117053333298E-02
        150   0.318741843000E+06   0.405032952720E+07  -0.119381040701E-02
        151   0.318927772600E+06   0.405006080620E+07  -0.143657780798E-02
        152   0.318817402406E+06   0.405020223339E+07  -0.126344693994E-02
        153   0.318673013000E+06   0.405027530720E+07  -0.129302000257E-02
        154   0.318923506200E+06   0.405005658100E+07  -0.144978144689E-02
        155   0.318796705562E+06   0.405015870211E+07  -0.135961546707E-02
        156   0.318651239800E+06   0.405022328620E+07  -0.137221452110E-02
        157   0.318892478000E+06   0.405002787450E+07  -0.156436318148E-02
        158   0.318774223271E+06   0.405011854018E+07  -0.146565421544E-02
        159   0.318637273700E+06   0.405017925230E+07  -0.145311404143E-02
        160   0.318880143200E+06   0.405000328190E+07  -0.165326766641E-02
        161   0.318759351035E+06   0.405007560210E+07  -0.158253816586E-02
        162   0.318632190900E+06   0.405013826870E+07  -0.153385013681E-02
        163   0.318859694200E+06   0.404995758830E+07  -0.183000601659E-02
        164   0.318744833535E+06   0.405002857146E+07  -0.172236936072E-02
        165   0.318620913500E+06   0.405008964140E+07  -0.165271516613E-02
        166   0.318847642400E+06   0.404992283520E+07  -0.196058705789E-02
        167   0.318732357134E+06   0.404997946598E+07  -0.187745789071E-02
        168   0.318612120400E+06   0.405003062330E+07  -0.182188315805E-02
        169   0.318830625900E+06   0.404988778900E+07  -0.211874927372E-02
        170   0.318718426047E+06   0.404994014598E+07  -0.201238397989E-02
        171   0.318596872600E+06   0.404997678870E+07  -0.199205847051E-02
        172   0.318839856500E+06   0.404984266950E+07  -0.229179717777E-02
        173   0.318719807084E+06   0.404990238276E+07  -0.214650060411E-02
        174   0.318584957100E+06   0.404992062480E+07  -0.219045039525E-02
        175   0.318833906000E+06   0.404979530030E+07  -0.247332246308E-02
        176   0.318713092435E+06   0.404985693749E+07  -0.232392543481E-02
        177   0.318576894300E+06   0.404987158970E+07  -0.240045265219E-02
        178   0.318818103800E+06   0.404974755740E+07  -0.267918784048E-02
        179   0.318696441344E+06   0.404981334513E+07  -0.250724490482E-02
        180   0.318557679400E+06   0.404981404800E+07  -0.269877726568E-02
        181   0.318839213600E+06   0.404972742530E+07  -0.274316071168E-02
        182   0.318698845138E+06   0.404976313385E+07  -0.270400494993E-02
        183   0.318537310000E+06   0.404976668260E+07  -0.295648673907E-02
        184   0.318840007300E+06   0.404969858560E+07  -0.284098528323E-02
        185   0.318675017720E+06   0.404971377815E+07  -0.291935697299E-02
        186   0.318521498900E+06   0.404973646830E+07  -0.311975883134E-02
        187   0.318864521700E+06   0.404960400430E+07  -0.306198938806E-02
        188   0.318689964151E+06   0.404966251658E+07  -0.309513704812E-02
        189   0.318485490400E+06   0.404968903560E+07  -0.339010228517E-02
        190   0.318833200000E+06   0.404957917340E+07  -0.314781255944E-02
        191   0.318662550051E+06   0.404960960162E+07  -0.335393380180E-02
        192   0.318492478000E+06   0.404963779100E+07  -0.364817175338E-02
        193   0.318828478000E+06   0.404951539330E+07  -0.329355712662E-02
        194   0.318649725486E+06   0.404956031966E+07  -0.356390798487E-02
        195   0.318471831100E+06   0.404959404800E+07  -0.400383023003E-02
        196   0.318782478000E+06   0.404945939490E+07  -0.352006583322E-02
        197   0.318623189691E+06   0.404951254352E+07  -0.382746473895E-02
        198   0.318461447900E+06   0.404956204800E+07  -0.426751354427E-02
        199   0.318746940400E+06   0.404944958560E+07  -0.363381437492E-02
        200   0.318579678301E+06   0.404947247267E+07  -0.416725321037E-02
        201   0.318431343500E+06   0.404954404800E+07  -0.460598679476E-02
        202   0.318720345300E+06   0.404941418070E+07  -0.382135577569E-02
        203   0.318580261632E+06   0.404942487325E+07  -0.432192458424E-02
        204   0.318456478000E+06   0.404950086480E+07  -0.484286591691E-02
        205   0.318620866600E+06   0.404932926630E+07  -0.439529671875E-02
        206   0.318531177705E+06   0.404941807585E+07  -0.463687962889E-02
        207   0.318441488900E+06   0.404950688550E+07  -0.499563749824E-02
        208   0.318560055500E+06   0.404929282380E+07  -0.482630097018E-02
        209   0.318507678850E+06   0.404940664989E+07  -0.485716150729E-02
        210   0.318435459600E+06   0.404950736610E+07  -0.508007194714E-02
        211   0.318501279100E+06   0.404927130950E+07  -0.531473871555E-02
        212   0.318475410937E+06   0.404939917541E+07  -0.517049420870E-02
        213   0.318411403300E+06   0.404951004800E+07  -0.542396619336E-02
        214   0.318452480300E+06   0.404926128610E+07  -0.578108318060E-02
        215   0.318428315705E+06   0.404938073156E+07  -0.572562533516E-02
        216   0.318384478000E+06   0.404949277320E+07  -0.593335234338E-02
        217   0.318396907400E+06   0.404925216450E+07  -0.634269384502E-02
        218   0.318386926228E+06   0.404936819080E+07  -0.621598471001E-02
        219   0.318355124900E+06   0.404948004800E+07  -0.654024655762E-02
        220   0.318348960600E+06   0.404924786550E+07  -0.683210755956E-02
        221   0.318336262555E+06   0.404939547862E+07  -0.684579466402E-02
        222   0.318286577500E+06   0.404952938670E+07  -0.752603421816E-02
        223   0.318300001900E+06   0.404924065460E+07  -0.745315377546E-02
        224   0.318279196573E+06   0.404940758281E+07  -0.755579137982E-02
        225   0.318217801100E+06   0.404955506450E+07  -0.833089620076E-02
        226   0.318251136000E+06   0.404923266270E+07  -0.814893349909E-02
        227   0.318230988928E+06   0.404939430932E+07  -0.822919715378E-02
        228   0.318183206800E+06   0.404954676320E+07  -0.871168570597E-02
        229   0.318201152800E+06   0.404922349400E+07  -0.891956352221E-02
        230   0.318181504691E+06   0.404938113723E+07  -0.895434141465E-02
        231   0.318137161800E+06   0.404952936420E+07  -0.930288612052E-02
        232   0.318152397200E+06   0.404921478140E+07  -0.971604409382E-02
        233   0.318133453773E+06   0.404936677065E+07  -0.972223725446E-02
        234   0.318086411700E+06   0.404950598170E+07  -0.101842977629E-01
        235   0.318102444600E+06   0.404921127800E+07  -0.105909101678E-01
        236   0.318083117721E+06   0.404936634446E+07  -0.105540717549E-01
        237   0.318042005500E+06   0.404951604800E+07  -0.109358973753E-01
        238   0.318051225100E+06   0.404920631750E+07  -0.116008654522E-01
        239   0.318034596336E+06   0.404935914616E+07  -0.114387559585E-01
        240   0.318000219200E+06   0.404950830680E+07  -0.116535972175E-01
        241   0.318002045200E+06   0.404919780740E+07  -0.126923695009E-01
        242   0.317985335730E+06   0.404935137762E+07  -0.124008508020E-01
        243   0.317949777700E+06   0.404950110040E+07  -0.125869970032E-01
        244   0.317953080800E+06   0.404918731500E+07  -0.139056901595E-01
        245   0.317935847283E+06   0.404934570142E+07  -0.134475787441E-01
        246   0.317897948700E+06   0.404949804800E+07  -0.135737080360E-01
        247   0.317903738400E+06   0.404917806320E+07  -0.151667538067E-01
        248   0.317886671101E+06   0.404933492152E+07  -0.145837040579E-01
        249   0.317842275600E+06   0.404948204800E+07  -0.147720380566E-01
        250   0.317854557000E+06   0.404916794950E+07  -0.166620658135E-01
        251   0.317838725485E+06   0.404931855088E+07  -0.157751905401E-01
        252   0.317807956400E+06   0.404946604800E+07  -0.156235302794E-01
        253   0.317812121600E+06   0.404915440440E+07  -0.182946351624E-01
        254   0.317786666021E+06   0.404932864153E+07  -0.169707662508E-01
        255   0.317706153100E+06   0.404947004800E+07  -0.176187664097E-01
        256   0.317772478000E+06   0.404913488110E+07  -0.200257635739E-01
        257   0.317739483058E+06   0.404930214497E+07  -0.184775978997E-01
        258   0.317659550000E+06   0.404944404800E+07  -0.186697789166E-01
        259   0.317738971900E+06   0.404911755410E+07  -0.217133067993E-01
        260   0.317684516971E+06   0.404928567346E+07  -0.201445862278E-01
        261   0.317604478000E+06   0.404944059940E+07  -0.196826335325E-01
        262   0.317698201600E+06   0.404910232440E+07  -0.236363085831E-01
        263   0.317638443822E+06   0.404926343200E+07  -0.217251120399E-01
        264   0.317548939700E+06   0.404940004800E+07  -0.211955574934E-01
        265   0.317667772300E+06   0.404908534230E+07  -0.252641079087E-01
        266   0.317591709135E+06   0.404923182303E+07  -0.236175521788E-01
        267   0.317491929700E+06   0.404934204800E+07  -0.233920072738E-01
        268   0.317634821300E+06   0.404905170470E+07  -0.275972514203E-01
        269   0.317556266565E+06   0.404918506487E+07  -0.258466023273E-01
        270   0.317460146600E+06   0.404930037940E+07  -0.251349233784E-01
        271   0.317609338300E+06   0.404902718770E+07  -0.296022354260E-01
        272   0.317520544290E+06   0.404915405473E+07  -0.277686026401E-01
        273   0.317438629100E+06   0.404928738990E+07  -0.259762732295E-01
        274   0.317588478000E+06   0.404899257280E+07  -0.320295246571E-01
        275   0.317487111896E+06   0.404911110681E+07  -0.302645242500E-01
        276   0.317418189500E+06   0.404925175950E+07  -0.274762455632E-01
        277   0.317558811800E+06   0.404897120160E+07  -0.342453088887E-01
        278   0.317456990777E+06   0.404908402672E+07  -0.323530130767E-01
        279   0.317347828100E+06   0.404918869790E+07  -0.318236686099E-01
        280   0.317521173300E+06   0.404893844830E+07  -0.378993746670E-01
        281   0.317417742284E+06   0.404905305758E+07  -0.349612305395E-01
        282   0.317300179800E+06   0.404914834620E+07  -0.349738505098E-01
        283   0.317495510300E+06   0.404891528830E+07  -0.406727902686E-01
        284   0.317371708130E+06   0.404905247033E+07  -0.362223693915E-01
        285   0.317211122100E+06   0.404912604800E+07  -0.366953180548E-01
        286   0.317480834400E+06   0.404889538850E+07  -0.430181791946E-01
        287   0.317327951069E+06   0.404900769700E+07  -0.387200533042E-01
        288   0.317184171700E+06   0.404911174170E+07  -0.369601013578E-01
        289   0.317475826500E+06   0.404887632340E+07  -0.451275418238E-01
        290   0.317306955829E+06   0.404896042158E+07  -0.410545729374E-01
        291   0.317167883200E+06   0.404908664280E+07  -0.375130689900E-01
        292   0.317476487900E+06   0.404886574000E+07  -0.461786138233E-01
        293   0.317315674374E+06   0.404891055813E+07  -0.440773180044E-01
        294   0.317168852100E+06   0.404898642210E+07  -0.400014974246E-01
        295   0.317482796900E+06   0.404884615640E+07  -0.485274326814E-01
        296   0.317329434290E+06   0.404886725843E+07  -0.474887105434E-01
        297   0.317177565800E+06   0.404889677530E+07  -0.440492789501E-01
        298   0.317485417600E+06   0.404882472950E+07  -0.509892845562E-01
        299   0.317339865399E+06   0.404884143726E+07  -0.499723195270E-01
        300   0.317193435000E+06   0.404882354420E+07  -0.489615333481E-01
        301   0.317481859000E+06   0.404880941010E+07  -0.528560636348E-01
        302   0.317339217832E+06   0.404881282255E+07  -0.528560636348E-01
        303   0.317202520500E+06   0.404876718230E+07  -0.528560636348E-01
